%YAML:1.0
---
Lights: !!opencv-matrix
   rows: 100
   cols: 3
   dt: f
   data: [ 0.0643414035, 0.152079999, 0.986271977, -0.143420994,
       -0.0204885993, 0.989449978, 0.111143, -0.119916998, 0.986543,
       0.104447, 0.278524995, 0.954733014, -0.220653996, 0.185813993,
       0.957489014, -0.226677999, -0.156930998, 0.961243987,
       0.0842150003, -0.272973001, 0.958329022, 0.298786014,
       -0.0203057993, 0.954104006, 0.154076993, 0.427991003, 0.890552998,
       -0.179902002, 0.41120401, 0.893615007, -0.408969998, 0.154436007,
       0.899384975, -0.394827992, -0.180246994, 0.90090102, -0.140034005,
       -0.420102, 0.896606982, 0.199809, -0.405326992, 0.892068982,
       0.43345201, -0.151137993, 0.888413012, 0.424585015, 0.188070998,
       0.885639012, 0.198002994, 0.55775398, 0.806043029, -0.0893206969,
       0.580585003, 0.809285998, -0.363498002, 0.450179011, 0.815603018,
       -0.537442029, 0.198742002, 0.819546998, -0.565397024,
       -0.0951657966, 0.819310009, -0.442155004, -0.366596997,
       0.818599999, -0.192852005, -0.547811985, 0.814069986, 0.11163,
       -0.577682972, 0.808592021, 0.384885013, -0.449032992, 0.80637002,
       0.557563007, -0.203510001, 0.804803014, 0.587984025, 0.0947462991,
       0.803304017, 0.460216999, 0.370963007, 0.806590021, 0.256267995,
       0.677088022, 0.689839005, 0.0308258999, 0.715484977, 0.697947025,
       -0.219132006, 0.680119991, 0.699584007, -0.446761996, 0.553985,
       0.702498972, -0.618166983, 0.37252, 0.692169011, -0.699961007,
       0.134794995, 0.70134598, -0.705748022, -0.121680997, 0.697934985,
       -0.623485982, -0.364374995, 0.691734016, -0.479135007,
       -0.551813006, 0.682591975, -0.250182003, -0.688673973,
       0.680541992, 6.3445402e-15, -0.736253977, 0.676705003,
       0.242282003, -0.689158022, 0.682905972, 0.471890986, -0.57377702,
       0.669402003, 0.640617013, -0.377936989, 0.668411016, 0.731332004,
       -0.144658998, 0.666504025, 0.734503984, 0.115268998, 0.668743014,
       0.656543016, 0.351049989, 0.66761899, 0.49635601, 0.550015986,
       0.671649992, 0.326923996, 0.78461802, 0.526777983, 0.0817172974,
       0.941900015, 0.325801998, -0.115217, 0.844923019, 0.522330999,
       -0.270689011, 0.894240022, 0.356458992, -0.522201002, 0.68146503,
       0.512749016, -0.687286019, 0.515847027, 0.511409998, -0.794960022,
       0.323192, 0.513405979, -0.854873002, 0.102462001, 0.50861901,
       -0.851741016, -0.12692, 0.508359015, -0.816475987, -0.139966995,
       0.560157001, -0.681961, -0.532447994, 0.501425982, -0.500963986,
       -0.753674984, 0.425451994, -0.327614993, -0.803039014,
       0.497792006, -0.0958110988, -0.865342021, 0.491939008,
       0.102865003, -0.861020029, 0.498059988, 0.33160001, -0.800414026,
       0.499377996, 0.52097702, -0.700205028, 0.488155991, 0.687282026,
       -0.528795004, 0.498016, 0.797230005, -0.339928001, 0.498870999,
       0.855735004, -0.129657, 0.500904977, 0.86342901, 0.0928909034,
       0.49584499, 0.805916011, 0.321451992, 0.497159988, 0.700990975,
       0.510505021, 0.497992009, 0.43226701, 0.76089102, 0.483931988,
       0.378143996, 0.919843972, 0.104378, 0.192892, 0.974956989,
       0.110689998, -0.0170636997, 0.993632019, 0.111372001,
       -0.203467995, 0.972706974, 0.111546002, -0.399549007, 0.910448015,
       0.106982, -0.585856974, 0.801769018, 0.118056998, -0.814697027,
       0.561630011, 0.144360006, -0.910287023, 0.397017002, 0.117283002,
       -0.944299996, 0.306865007, 0.118874997, -0.989187002,
       0.0932698995, 0.113182999, -0.987356007, -0.109122001,
       0.114981003, -0.944299996, -0.306865007, 0.118874997,
       -0.857326984, -0.503925025, 0.105122, -0.709501982, -0.676818013,
       0.196275994, -0.584865987, -0.803040028, 0.114274003,
       -0.386563987, -0.915960014, 0.107639, -0.198385999, -0.973537028,
       0.113443002, 0.0117132999, -0.99563098, 0.0926328972, 0.206314996,
       -0.972630024, 0.106885001, 0.393359989, -0.91524303, 0.0871637017,
       0.57674998, -0.812635005, 0.0835670978, 0.744633973, -0.661463022,
       0.0893711969, 0.867031991, -0.490061015, 0.0899789035,
       0.945761979, -0.309819013, 0.0977096036, 0.988427997,
       -0.123391002, 0.0882302001, 0.99397099, 0.0712755993,
       0.0833190978, 0.95282501, 0.289876997, 0.0899789035, 0.879595995,
       0.464322001, 0.103523001, 0.765899003, 0.635423005, 0.0981642008,
       0.612433016, 0.782917976, 0.109388001 ]
