%YAML:1.0
Lights: !!opencv-matrix
  rows: 10
  cols: 3
  dt: f
  data: [-0.3536, -0.6124, -0.7071,
         -0.6124, -0.3536, -0.7071,
         -0.7071,  0.0000, -0.7071,
         -0.6124,  0.3536, -0.7071,
         -0.3536,  0.6124, -0.7071,
          0.3536,  0.6124, -0.7071,
          0.6124,  0.3536, -0.7071,
          0.7071,  0.0000, -0.7071,
          0.6124, -0.3536, -0.7071,
          0.3536, -0.6124, -0.7071]